12.419354838709676 7.0090976731601735
15.766129032258064 3.6541193181818183
14.4758064516129 1.9225175865800868
16.93548387096774 0.6779288419913421
19.193548387096772 1.273166937229437
18.991935483870968 5.169270833333334
16.733870967741936 7.279660443722944
16.33064516129032 5.223383387445887
13.387096774193548 8.79481195887446
14.314516129032256 12.528578192640694
17.379032258064516 10.90520156926407
16.25 13.989617153679657
18.588709677419352 15.504768668831172
18.14516129032258 19.292647456709958
14.274193548387096 18.859747023809526
13.2258064516129 16.370569534632036
10.846774193548388 15.883556547619051
5.362903225806451 14.747192911255414
8.548387096774192 12.47446563852814
6.774193548387097 8.470136634199134
4.354838709677419 11.825114989177491
3.669354838709677 17.34459550865801
8.870967741935484 16.749357413419915
3.467741935483871 19.02208468614719
1.612903225806452 16.208231872294373
2.016129032258065 8.416024080086581
3.145161290322581 3.6000067640692643
5.282258064516129 6.846760010822511
6.290322580645161 2.8965435606060606
9.314516129032256 8.632474296536797
9.112903225806452 1.8142924783549788
11.89516129032258 1.6519548160173159
14.314516129032256 3.2753314393939394
10.766129032258064 3.9246820887445892
10.524193548387096 13.827279491341994
12.620967741935484 11.392214556277057
11.491935483870968 5.38572104978355
