5.927419354838709 6.413859577922079
8.911290322580644 2.6259807900432905
10.967741935483872 7.49611066017316
12.137096774193548 2.5718682359307357
13.387096774193548 8.79481195887446
14.677419354838708 2.2471929112554117
15.927419354838708 10.093513257575758
16.451612903225804 1.6519548160173159
17.258064516129032 10.418188582251084
18.064516129032256 1.4355045995670999
18.911290322580644 18.26450892857143
17.056451612903224 12.907366071428573
15.403225806451612 16.96580762987013
14.879032258064516 12.258015422077923
13.83064516129032 17.45282061688312
12.45967741935484 11.175764339826841
11.532258064516128 17.72338338744589
9.43548387096774 11.55455221861472
8.346774193548388 17.939833603896105
6.451612903225807 11.55455221861472
5.161290322580645 17.72338338744589
4.112903225806452 11.987452651515152
2.620967741935484 16.857582521645025
1.975806451612903 2.8424310064935066
3.629032258064516 6.522084686147187
4.153225806451613 2.7342058982683985
