8.951612903225808 4.898708062770563
12.258064516129032 2.4095305735930737
13.911290322580644 4.790482954545455
10.483870967741936 6.413859577922079
12.298387096774192 9.714725378787879
14.919354838709676 7.387885551948052
15.846774193548384 4.682257846320347
14.4758064516129 2.7342058982683985
10.887096774193548 1.4355045995670999
7.258064516129033 5.656283820346321
5.443548387096775 10.851089015151516
2.741935483870968 9.660612824675326
3.387096774193548 4.628145292207793
8.14516129032258 0.6779288419913421
10.887096774193548 0.19091585497835473
16.29032258064516 1.164941829004329
18.104838709677416 6.6844223484848495
16.33064516129032 13.610829274891778
10.403225806451612 17.019920183982684
7.661290322580645 14.85541801948052
