0.26008064516129026 0.17385349025974028 2.715725806451613 2.7306716720779223
0.44758064516129026 0.628398944805195 1.935483870967742 0.5472301136363638
0.5080645161290323 0.9449573863636365 2.2137096774193545 0.9287236201298703
0.9375 1.123528814935065 1.4213709677419355 1.0585937500000002
0.1875 1.383269074675325 2.564516129032258 1.399502840909091
0.9979838709677418 1.5374898538961042 2.7399193548387095 1.5618405032467535
0.2540322580645161 1.9271002435064937 2.1471774193548385 1.7647625811688312
0.9919354838709677 2.8118405032467537 2.4254032258064515 1.870282061688312
2.3891129032258065 2.8443080357142865 2.570564516129032 1.7404119318181819
2.534274193548387 2.633269074675325 2.6431451612903225 2.600801542207792
