9.596774193548388 0.6779288419913421
2.580645161290323 11.067539231601733
1.854838709677419 12.366240530303031
1.411290322580645 14.097842261904763
1.25 15.396543560606062
1.653225806451613 16.749357413419915
2.580645161290323 18.426846590909093
4.07258064516129 19.292647456709958
5.725806451612903 19.671435335497836
7.056451612903225 19.671435335497836
7.943548387096775 19.07619724025974
8.669354838709676 17.831608495671
9.274193548387096 16.208231872294373
9.758064516129032 14.638967803030305
10.64516129032258 15.721218885281388
11.29032258064516 16.749357413419915
11.89516129032258 17.777495941558442
13.10483870967742 18.91385957792208
14.4758064516129 19.346760010822514
16.370967741935484 19.238534902597404
17.459677419354836 18.75152191558442
18.508064516129032 17.506933170995673
19.032258064516128 15.991781655844157
19.274193548387096 13.719054383116884
18.870967741935484 12.366240530303031
18.024193548387096 10.796976461038962
