0.5745967741935483 1.297534496753247 1.1491935483870968 0.39656047077922085
1.3911290322580645 2.442015016233767 2.2076612903225805 1.7845474837662338
0.45967741935483863 1.3056513798701301 1.2278225806451613 0.9647422889610391
1.2701612903225805 2.3527293019480524 2.1108870967741935 1.5248072240259742
0.3326612903225806 1.4679890422077924 1.8931451612903225 1.313768262987013
1.754032258064516 1.995586444805195 1.977822580645161 2.442015016233767
0.9798387096774193 1.1433137175324677 1.9536290322580645 1.1514306006493509
1.064516129032258 2.588118912337663 2.4919354838709675 2.1741578733766236
1.0161290322580645 1.3543526785714288 2.038306451612903 0.4696124188311689
1.0100806451612903 2.596235795454546 2.2923387096774195 1.8170150162337666
0.4657258064516129 1.8332487824675325 0.8649193548387095 0.6075994318181819
1.7721774193548385 0.7374695616883118 2.153225806451613 1.4517552759740262
1.2096774193548387 2.4582487824675328 2.0141129032258065 2.3527293019480524
0.907258064516129 1.3624695616883118 1.3064516129032258 0.7374695616883118
1.747983870967742 0.20175527597402598 2.504032258064516 0.4777293019480521
