1.8923431332076195 0.5572870315828294 2.197577440015541 0.5160928320216086
0.08048063486189738 2.7541690154923653 2.383979384707551 1.6314549860602272
0.05077329964747512 0.9492701373718491 1.7543280690727874 2.0500751716559207
1.8338059850602593 0.5909723941225665 2.8582868481551875 2.463980583315485
0.09883046384607652 0.8088662296888773 1.399212392210687 2.6667294275068674
0.826822744033158 0.5212076149711302 1.641342988593641 0.19989337060522483
0.22299514806766585 1.019254513088402 1.787440902439811 1.3092573451686365
1.2796327604971207 2.947813966736191 2.5423936998737116 2.163746236013382
0.7574564325745682 2.3274128207987324 2.580603988021402 1.2322442722392402
1.461930416469944 0.7176552519071514 2.801432352886887 1.4632650003388705
1.3194759886370566 2.479603785825315 2.6208898660812547 1.1114899990296343
2.4238231763908167 1.3602709880352728 2.8586260394025254 2.225850500801686
0.9746431844220226 1.6489245849634653 1.6476120859351688 2.8171383154925955
0.40424509722512003 1.7064790684980151 2.8029975741741904 1.5405818989522242
1.1312896169091542 1.6075653729837933 1.8648807341947529 1.345991419185829
0.6690988573510984 1.7484891559501081 0.7858511425812237 0.4857437167124735
1.507765935968118 0.2810731132272438 2.2527762012276105 0.12911682727877316
0.47784357560243673 2.8512149436609975 2.5515652136667506 1.1306515059745936
1.9962848555717865 1.393620586693096 2.7449261892112986 1.0990776109550688
0.14135123555634 2.86860223113577 2.315431372628674 0.48535720093863355
1.9751088206118705 2.651947164622405 2.3268349703516815 1.7614223526543646
0.253172094919223 2.2544565561170113 2.0151038794661185 0.6245703358148782
0.014981598617642478 2.2125950192103963 2.8483021050319954 2.0394286494387748
1.3734752696727186 1.3961912291230374 1.4722304002399031 2.9509514731265347
2.0895681653040077 1.985780011483551 2.5440163602622485 2.998094364793334
2.496526075105979 1.0736730662332783 2.936924153101437 0.8325483089985557
1.0915707834579913 0.4147133605950659 2.300229456355736 2.3308619912118513
1.99794290653334 0.4070170703098388 2.2306986676471525 2.8546518172088287
0.8723859927621735 2.2784434447394446 1.0361649871046152 2.1178800496879493
0.8138124847889653 2.062664263541024 1.6015856945611986 2.1707425688680297
1.871870029104477 1.34373654843359 2.5167062226159027 1.0226575611070767
2.3268812554320912 1.2683809238516748 2.4817883382973833 0.8634553584385274
0.3933098040849782 0.023376935227392925 1.1457111223500536 2.152857895321256
1.4026255166862729 1.7401558683647882 1.5377555097616724 0.763991839402107
1.7156704943544154 0.08426038756240561 1.9089065629301545 2.24034048609686
0.2569308776872524 2.838545949424988 1.332413660763653 0.8214687994226694
0.0730510557764662 2.5110197264740113 0.38820614157626143 2.347190127184505
1.1839410284550413 2.257951794863205 1.2634428689656243 1.635326780213378
0.06836267053677592 0.25622640082057013 2.215287520633362 2.87006059244026
1.2049133805137777 0.14694405174207026 2.54615362557054 1.8725551748844533
1.330590274875893 0.8158953272866328 2.387742580189884 2.1258849253951566
0.4143196802708873 1.6033026331977118 2.648338349944499 0.7667569849708705
0.6957186278867128 2.6935557541930026 2.6103748152296693 0.21927772469096118
0.12730295099084998 0.0358750737787753 1.201628379907179 0.8215743822224951
0.15352601900795726 0.13645220600798857 1.1698296038856006 0.4723650061065876
2.5313845913910265 0.24015579163215572 2.624426523631594 1.8501384848992406
0.8266905537415281 0.5363379099570078 1.0446488407897114 2.2822917246831853
1.3624511112664497 1.60797432985584 2.5388783067588707 1.0180044527546015
0.33358047943745583 2.142708674449606 1.2899617436101838 0.9248716461437645
0.5238481447717273 2.17899788511617 1.674358461344947 0.896585782432722
