Zbiór A:
Wynik dla obu algorytmów (10 punktów):
(20.122,-98.688), (43.248,-98.313), (94.593,-16.831), (96.996,67.577), (90.910,97.388), (83.968,97.819), (-54.551,99.601), (-97.551,92.439), (-98.536,-90.651), (-90.585,-93.292)
Czas dla algorytmu Grahama: 0.0030s
Czas dla algorytmu Jarvisa: 0.0085s

Zbiór B:
Wynik dla obu algorytmów (100 punktów):
(-0.152,-9.999), (0.924,-9.957), (2.318,-9.728), (2.615,-9.652), (3.837,-9.235), (3.941,-9.191), (4.260,-9.047), (4.834,-8.754), (4.959,-8.684), (5.005,-8.657), (5.458,-8.379), (5.822,-8.130), (6.840,-7.295), (6.981,-7.160), (7.038,-7.104), (8.186,-5.743), (8.215,-5.702), (8.265,-5.630), (8.708,-4.917), (8.805,-4.741), (9.079,-4.193), (9.330,-3.599), (9.849,-1.730), (9.974,-0.723), (9.979,-0.652), (10.000,0.030), (9.998,0.195), (9.960,0.897), (9.729,2.311), (9.548,2.974), (9.473,3.205), (8.732,4.873), (7.061,7.081), (6.655,7.464), (6.066,7.950), (5.775,8.164), (5.746,8.185), (5.685,8.227), (5.272,8.497), (4.354,9.002), (1.985,9.801), (0.760,9.971), (-0.263,9.997), (-5.280,8.493), (-5.314,8.471), (-5.486,8.361), (-6.061,7.954), (-6.796,7.336), (-7.032,7.110), (-7.239,6.899), (-7.245,6.893), (-7.489,6.627), (-7.597,6.503), (-7.643,6.449), (-8.021,5.972), (-8.036,5.951), (-9.020,4.317), (-9.680,2.508), (-9.916,1.297), (-9.967,0.814), (-9.998,0.216), (-9.971,-0.763), (-9.970,-0.774), (-9.970,-0.774), (-9.964,-0.843), (-9.929,-1.188), (-9.890,-1.479), (-9.750,-2.220), (-9.672,-2.542), (-9.594,-2.822), (-9.477,-3.191), (-9.388,-3.446), (-9.278,-3.732), (-8.859,-4.638), (-8.698,-4.933), (-8.531,-5.217), (-8.452,-5.345), (-8.213,-5.705), (-8.127,-5.827), (-7.587,-6.514), (-7.425,-6.698), (-7.393,-6.734), (-7.358,-6.772), (-7.289,-6.846), (-7.283,-6.853), (-7.000,-7.141), (-5.985,-8.012), (-5.866,-8.099), (-5.861,-8.103), (-4.886,-8.725), (-4.126,-9.109), (-3.172,-9.483), (-2.570,-9.664), (-2.277,-9.737), (-2.087,-9.780), (-2.039,-9.790), (-1.478,-9.890), (-1.122,-9.937), (-0.372,-9.993), (-0.192,-9.998)
Czas dla algorytmu Grahama: 0.0025s
Czas dla algorytmu Jarvisa: 0.0714s

Zbiór C:
Wynik dla obu algorytmów (8 punktów):
(-9.588,-10.000), (9.707,-10.000), (10.000,-8.791), (10.000,9.863), (9.838,10.000), (-9.880,10.000), (-10.000,9.686), (-10.000,-8.702)
Czas dla algorytmu Grahama: 0.0013s
Czas dla algorytmu Jarvisa: 0.0042s

Zbiór D:
Wynik dla obu algorytmów (4 punktów):
(0.000,0.000), (10.000,0.000), (10.000,10.000), (0.000,10.000)
Czas dla algorytmu Grahama: 0.0011s
Czas dla algorytmu Jarvisa: 0.0019s

