10.04032258064516 1.4456507034632038
17.096774193548384 8.534395292207794
18.387096774193548 10.807122564935066
18.629032258064516 13.891538149350652
17.701612903225804 17.354741612554115
16.29032258064516 18.4369926948052
13.588709677419352 18.924005681818183
11.733870967741936 18.05820481601732
10.483870967741936 15.785477543290046
10.080645161290324 14.27032602813853
9.556451612903224 15.244352002164504
8.830645161290324 17.408854166666668
7.016129032258065 18.653442911255414
3.346774193548387 18.924005681818183
2.580645161290323 16.867728625541126
1.895161290322581 13.566862824675326
2.661290322580645 10.536559794372295
