7.943548387096775 3.5458942099567103
7.943548387096775 1.8684050324675328
9.475806451612904 1.8142924783549788
9.43548387096774 3.4376691017316023
13.2258064516129 3.5458942099567103
10.0 6.305634469696971
13.508064516129032 7.387885551948052
9.879032258064516 9.011262175324676
13.870967741935484 10.959314123376625
10.846774193548388 12.799140963203465
14.39516129032258 14.747192911255414
9.717741935483872 18.318621482683984
4.193548387096774 15.125980790043293
7.580645161290323 13.232041396103899
5.080645161290323 11.662777326839828
6.895161290322581 9.98528814935065
4.233870967741935 6.738534902597403
7.298387096774193 6.251521915584416
4.314516129032258 4.574032738095238
